00 00 00 00 00 00 00 00 00 00 00 00 00 
00 01 01 01 01 01 01 01 01 01 01 01 00
00 01 18 00 00 00 00 00 00 00 18 01 00
00 01 00 00 00 00 03 00 00 00 00 01 00
00 01 02 00 00 01 01 01 00 00 02 01 00
00 01 00 00 01 01 06 01 01 00 00 01 00
00 01 00 03 01 05 24 05 01 03 00 01 00
00 01 00 00 01 01 07 01 01 00 00 01 00
00 01 02 00 00 01 01 01 00 00 02 01 00
00 01 00 00 00 00 03 00 00 00 00 01 00
00 01 18 00 00 00 00 00 00 00 18 01 00
00 01 01 01 01 01 01 01 01 01 01 01 00
00 00 00 00 00 00 00 00 00 00 00 00 00

